{
  "nbformat": 4,
  "nbformat_minor": 0,
  "metadata": {
    "colab": {
      "provenance": [],
      "authorship_tag": "ABX9TyPYm9QEgmZpPo2nylwd0CD9",
      "include_colab_link": true
    },
    "kernelspec": {
      "name": "python3",
      "display_name": "Python 3"
    },
    "language_info": {
      "name": "python"
    }
  },
  "cells": [
    {
      "cell_type": "markdown",
      "metadata": {
        "id": "view-in-github",
        "colab_type": "text"
      },
      "source": [
        "<a href=\"https://colab.research.google.com/github/baaaRaathh/Machine-Learning/blob/main/GradientBoosting.ipynb\" target=\"_parent\"><img src=\"https://colab.research.google.com/assets/colab-badge.svg\" alt=\"Open In Colab\"/></a>"
      ]
    },
    {
      "cell_type": "code",
      "execution_count": null,
      "metadata": {
        "id": "ERrXn70F2OZb"
      },
      "outputs": [],
      "source": [
        "from sklearn.ensemble import GradientBoostingClassifier\n",
        "from sklearn.tree import DecisionTreeClassifier\n",
        "from sklearn.model_selection import train_test_split,GridSearchCV\n",
        "from sklearn.metrics import accuracy_score\n",
        "from sklearn.tree import DecisionTreeClassifier\n",
        "import numpy as np\n",
        "import pandas as pd"
      ]
    },
    {
      "cell_type": "code",
      "source": [
        "data = pd.read_csv('Maternal Health Risk Data Set.csv')"
      ],
      "metadata": {
        "id": "f586y0C_mkWI"
      },
      "execution_count": null,
      "outputs": []
    },
    {
      "cell_type": "code",
      "source": [
        "data.head()"
      ],
      "metadata": {
        "id": "zl7fgR5W3WnV",
        "colab": {
          "base_uri": "https://localhost:8080/",
          "height": 206
        },
        "outputId": "f1acf75f-40c2-4653-cbdf-9d7fecc8d4e3"
      },
      "execution_count": null,
      "outputs": [
        {
          "output_type": "execute_result",
          "data": {
            "text/plain": [
              "   Age  SystolicBP  DiastolicBP    BS  BodyTemp  HeartRate  RiskLevel\n",
              "0   25         130           80  15.0      98.0         86  high risk\n",
              "1   35         140           90  13.0      98.0         70  high risk\n",
              "2   29          90           70   8.0     100.0         80  high risk\n",
              "3   30         140           85   7.0      98.0         70  high risk\n",
              "4   35         120           60   6.1      98.0         76   low risk"
            ],
            "text/html": [
              "\n",
              "  <div id=\"df-8377df34-b0ef-4895-99fe-cee3671bc401\" class=\"colab-df-container\">\n",
              "    <div>\n",
              "<style scoped>\n",
              "    .dataframe tbody tr th:only-of-type {\n",
              "        vertical-align: middle;\n",
              "    }\n",
              "\n",
              "    .dataframe tbody tr th {\n",
              "        vertical-align: top;\n",
              "    }\n",
              "\n",
              "    .dataframe thead th {\n",
              "        text-align: right;\n",
              "    }\n",
              "</style>\n",
              "<table border=\"1\" class=\"dataframe\">\n",
              "  <thead>\n",
              "    <tr style=\"text-align: right;\">\n",
              "      <th></th>\n",
              "      <th>Age</th>\n",
              "      <th>SystolicBP</th>\n",
              "      <th>DiastolicBP</th>\n",
              "      <th>BS</th>\n",
              "      <th>BodyTemp</th>\n",
              "      <th>HeartRate</th>\n",
              "      <th>RiskLevel</th>\n",
              "    </tr>\n",
              "  </thead>\n",
              "  <tbody>\n",
              "    <tr>\n",
              "      <th>0</th>\n",
              "      <td>25</td>\n",
              "      <td>130</td>\n",
              "      <td>80</td>\n",
              "      <td>15.0</td>\n",
              "      <td>98.0</td>\n",
              "      <td>86</td>\n",
              "      <td>high risk</td>\n",
              "    </tr>\n",
              "    <tr>\n",
              "      <th>1</th>\n",
              "      <td>35</td>\n",
              "      <td>140</td>\n",
              "      <td>90</td>\n",
              "      <td>13.0</td>\n",
              "      <td>98.0</td>\n",
              "      <td>70</td>\n",
              "      <td>high risk</td>\n",
              "    </tr>\n",
              "    <tr>\n",
              "      <th>2</th>\n",
              "      <td>29</td>\n",
              "      <td>90</td>\n",
              "      <td>70</td>\n",
              "      <td>8.0</td>\n",
              "      <td>100.0</td>\n",
              "      <td>80</td>\n",
              "      <td>high risk</td>\n",
              "    </tr>\n",
              "    <tr>\n",
              "      <th>3</th>\n",
              "      <td>30</td>\n",
              "      <td>140</td>\n",
              "      <td>85</td>\n",
              "      <td>7.0</td>\n",
              "      <td>98.0</td>\n",
              "      <td>70</td>\n",
              "      <td>high risk</td>\n",
              "    </tr>\n",
              "    <tr>\n",
              "      <th>4</th>\n",
              "      <td>35</td>\n",
              "      <td>120</td>\n",
              "      <td>60</td>\n",
              "      <td>6.1</td>\n",
              "      <td>98.0</td>\n",
              "      <td>76</td>\n",
              "      <td>low risk</td>\n",
              "    </tr>\n",
              "  </tbody>\n",
              "</table>\n",
              "</div>\n",
              "    <div class=\"colab-df-buttons\">\n",
              "\n",
              "  <div class=\"colab-df-container\">\n",
              "    <button class=\"colab-df-convert\" onclick=\"convertToInteractive('df-8377df34-b0ef-4895-99fe-cee3671bc401')\"\n",
              "            title=\"Convert this dataframe to an interactive table.\"\n",
              "            style=\"display:none;\">\n",
              "\n",
              "  <svg xmlns=\"http://www.w3.org/2000/svg\" height=\"24px\" viewBox=\"0 -960 960 960\">\n",
              "    <path d=\"M120-120v-720h720v720H120Zm60-500h600v-160H180v160Zm220 220h160v-160H400v160Zm0 220h160v-160H400v160ZM180-400h160v-160H180v160Zm440 0h160v-160H620v160ZM180-180h160v-160H180v160Zm440 0h160v-160H620v160Z\"/>\n",
              "  </svg>\n",
              "    </button>\n",
              "\n",
              "  <style>\n",
              "    .colab-df-container {\n",
              "      display:flex;\n",
              "      gap: 12px;\n",
              "    }\n",
              "\n",
              "    .colab-df-convert {\n",
              "      background-color: #E8F0FE;\n",
              "      border: none;\n",
              "      border-radius: 50%;\n",
              "      cursor: pointer;\n",
              "      display: none;\n",
              "      fill: #1967D2;\n",
              "      height: 32px;\n",
              "      padding: 0 0 0 0;\n",
              "      width: 32px;\n",
              "    }\n",
              "\n",
              "    .colab-df-convert:hover {\n",
              "      background-color: #E2EBFA;\n",
              "      box-shadow: 0px 1px 2px rgba(60, 64, 67, 0.3), 0px 1px 3px 1px rgba(60, 64, 67, 0.15);\n",
              "      fill: #174EA6;\n",
              "    }\n",
              "\n",
              "    .colab-df-buttons div {\n",
              "      margin-bottom: 4px;\n",
              "    }\n",
              "\n",
              "    [theme=dark] .colab-df-convert {\n",
              "      background-color: #3B4455;\n",
              "      fill: #D2E3FC;\n",
              "    }\n",
              "\n",
              "    [theme=dark] .colab-df-convert:hover {\n",
              "      background-color: #434B5C;\n",
              "      box-shadow: 0px 1px 3px 1px rgba(0, 0, 0, 0.15);\n",
              "      filter: drop-shadow(0px 1px 2px rgba(0, 0, 0, 0.3));\n",
              "      fill: #FFFFFF;\n",
              "    }\n",
              "  </style>\n",
              "\n",
              "    <script>\n",
              "      const buttonEl =\n",
              "        document.querySelector('#df-8377df34-b0ef-4895-99fe-cee3671bc401 button.colab-df-convert');\n",
              "      buttonEl.style.display =\n",
              "        google.colab.kernel.accessAllowed ? 'block' : 'none';\n",
              "\n",
              "      async function convertToInteractive(key) {\n",
              "        const element = document.querySelector('#df-8377df34-b0ef-4895-99fe-cee3671bc401');\n",
              "        const dataTable =\n",
              "          await google.colab.kernel.invokeFunction('convertToInteractive',\n",
              "                                                    [key], {});\n",
              "        if (!dataTable) return;\n",
              "\n",
              "        const docLinkHtml = 'Like what you see? Visit the ' +\n",
              "          '<a target=\"_blank\" href=https://colab.research.google.com/notebooks/data_table.ipynb>data table notebook</a>'\n",
              "          + ' to learn more about interactive tables.';\n",
              "        element.innerHTML = '';\n",
              "        dataTable['output_type'] = 'display_data';\n",
              "        await google.colab.output.renderOutput(dataTable, element);\n",
              "        const docLink = document.createElement('div');\n",
              "        docLink.innerHTML = docLinkHtml;\n",
              "        element.appendChild(docLink);\n",
              "      }\n",
              "    </script>\n",
              "  </div>\n",
              "\n",
              "\n",
              "<div id=\"df-03d80b38-6900-4315-94d5-99324a9ff9b0\">\n",
              "  <button class=\"colab-df-quickchart\" onclick=\"quickchart('df-03d80b38-6900-4315-94d5-99324a9ff9b0')\"\n",
              "            title=\"Suggest charts\"\n",
              "            style=\"display:none;\">\n",
              "\n",
              "<svg xmlns=\"http://www.w3.org/2000/svg\" height=\"24px\"viewBox=\"0 0 24 24\"\n",
              "     width=\"24px\">\n",
              "    <g>\n",
              "        <path d=\"M19 3H5c-1.1 0-2 .9-2 2v14c0 1.1.9 2 2 2h14c1.1 0 2-.9 2-2V5c0-1.1-.9-2-2-2zM9 17H7v-7h2v7zm4 0h-2V7h2v10zm4 0h-2v-4h2v4z\"/>\n",
              "    </g>\n",
              "</svg>\n",
              "  </button>\n",
              "\n",
              "<style>\n",
              "  .colab-df-quickchart {\n",
              "      --bg-color: #E8F0FE;\n",
              "      --fill-color: #1967D2;\n",
              "      --hover-bg-color: #E2EBFA;\n",
              "      --hover-fill-color: #174EA6;\n",
              "      --disabled-fill-color: #AAA;\n",
              "      --disabled-bg-color: #DDD;\n",
              "  }\n",
              "\n",
              "  [theme=dark] .colab-df-quickchart {\n",
              "      --bg-color: #3B4455;\n",
              "      --fill-color: #D2E3FC;\n",
              "      --hover-bg-color: #434B5C;\n",
              "      --hover-fill-color: #FFFFFF;\n",
              "      --disabled-bg-color: #3B4455;\n",
              "      --disabled-fill-color: #666;\n",
              "  }\n",
              "\n",
              "  .colab-df-quickchart {\n",
              "    background-color: var(--bg-color);\n",
              "    border: none;\n",
              "    border-radius: 50%;\n",
              "    cursor: pointer;\n",
              "    display: none;\n",
              "    fill: var(--fill-color);\n",
              "    height: 32px;\n",
              "    padding: 0;\n",
              "    width: 32px;\n",
              "  }\n",
              "\n",
              "  .colab-df-quickchart:hover {\n",
              "    background-color: var(--hover-bg-color);\n",
              "    box-shadow: 0 1px 2px rgba(60, 64, 67, 0.3), 0 1px 3px 1px rgba(60, 64, 67, 0.15);\n",
              "    fill: var(--button-hover-fill-color);\n",
              "  }\n",
              "\n",
              "  .colab-df-quickchart-complete:disabled,\n",
              "  .colab-df-quickchart-complete:disabled:hover {\n",
              "    background-color: var(--disabled-bg-color);\n",
              "    fill: var(--disabled-fill-color);\n",
              "    box-shadow: none;\n",
              "  }\n",
              "\n",
              "  .colab-df-spinner {\n",
              "    border: 2px solid var(--fill-color);\n",
              "    border-color: transparent;\n",
              "    border-bottom-color: var(--fill-color);\n",
              "    animation:\n",
              "      spin 1s steps(1) infinite;\n",
              "  }\n",
              "\n",
              "  @keyframes spin {\n",
              "    0% {\n",
              "      border-color: transparent;\n",
              "      border-bottom-color: var(--fill-color);\n",
              "      border-left-color: var(--fill-color);\n",
              "    }\n",
              "    20% {\n",
              "      border-color: transparent;\n",
              "      border-left-color: var(--fill-color);\n",
              "      border-top-color: var(--fill-color);\n",
              "    }\n",
              "    30% {\n",
              "      border-color: transparent;\n",
              "      border-left-color: var(--fill-color);\n",
              "      border-top-color: var(--fill-color);\n",
              "      border-right-color: var(--fill-color);\n",
              "    }\n",
              "    40% {\n",
              "      border-color: transparent;\n",
              "      border-right-color: var(--fill-color);\n",
              "      border-top-color: var(--fill-color);\n",
              "    }\n",
              "    60% {\n",
              "      border-color: transparent;\n",
              "      border-right-color: var(--fill-color);\n",
              "    }\n",
              "    80% {\n",
              "      border-color: transparent;\n",
              "      border-right-color: var(--fill-color);\n",
              "      border-bottom-color: var(--fill-color);\n",
              "    }\n",
              "    90% {\n",
              "      border-color: transparent;\n",
              "      border-bottom-color: var(--fill-color);\n",
              "    }\n",
              "  }\n",
              "</style>\n",
              "\n",
              "  <script>\n",
              "    async function quickchart(key) {\n",
              "      const quickchartButtonEl =\n",
              "        document.querySelector('#' + key + ' button');\n",
              "      quickchartButtonEl.disabled = true;  // To prevent multiple clicks.\n",
              "      quickchartButtonEl.classList.add('colab-df-spinner');\n",
              "      try {\n",
              "        const charts = await google.colab.kernel.invokeFunction(\n",
              "            'suggestCharts', [key], {});\n",
              "      } catch (error) {\n",
              "        console.error('Error during call to suggestCharts:', error);\n",
              "      }\n",
              "      quickchartButtonEl.classList.remove('colab-df-spinner');\n",
              "      quickchartButtonEl.classList.add('colab-df-quickchart-complete');\n",
              "    }\n",
              "    (() => {\n",
              "      let quickchartButtonEl =\n",
              "        document.querySelector('#df-03d80b38-6900-4315-94d5-99324a9ff9b0 button');\n",
              "      quickchartButtonEl.style.display =\n",
              "        google.colab.kernel.accessAllowed ? 'block' : 'none';\n",
              "    })();\n",
              "  </script>\n",
              "</div>\n",
              "\n",
              "    </div>\n",
              "  </div>\n"
            ],
            "application/vnd.google.colaboratory.intrinsic+json": {
              "type": "dataframe",
              "variable_name": "data",
              "summary": "{\n  \"name\": \"data\",\n  \"rows\": 1014,\n  \"fields\": [\n    {\n      \"column\": \"Age\",\n      \"properties\": {\n        \"dtype\": \"number\",\n        \"std\": 13,\n        \"min\": 10,\n        \"max\": 70,\n        \"num_unique_values\": 50,\n        \"samples\": [\n          40,\n          43,\n          13\n        ],\n        \"semantic_type\": \"\",\n        \"description\": \"\"\n      }\n    },\n    {\n      \"column\": \"SystolicBP\",\n      \"properties\": {\n        \"dtype\": \"number\",\n        \"std\": 18,\n        \"min\": 70,\n        \"max\": 160,\n        \"num_unique_values\": 19,\n        \"samples\": [\n          130,\n          110,\n          80\n        ],\n        \"semantic_type\": \"\",\n        \"description\": \"\"\n      }\n    },\n    {\n      \"column\": \"DiastolicBP\",\n      \"properties\": {\n        \"dtype\": \"number\",\n        \"std\": 13,\n        \"min\": 49,\n        \"max\": 100,\n        \"num_unique_values\": 16,\n        \"samples\": [\n          80,\n          90,\n          89\n        ],\n        \"semantic_type\": \"\",\n        \"description\": \"\"\n      }\n    },\n    {\n      \"column\": \"BS\",\n      \"properties\": {\n        \"dtype\": \"number\",\n        \"std\": 3.293531721151281,\n        \"min\": 6.0,\n        \"max\": 19.0,\n        \"num_unique_values\": 29,\n        \"samples\": [\n          6.5,\n          7.7,\n          7.1\n        ],\n        \"semantic_type\": \"\",\n        \"description\": \"\"\n      }\n    },\n    {\n      \"column\": \"BodyTemp\",\n      \"properties\": {\n        \"dtype\": \"number\",\n        \"std\": 1.3713843755995376,\n        \"min\": 98.0,\n        \"max\": 103.0,\n        \"num_unique_values\": 8,\n        \"samples\": [\n          100.0,\n          98.4,\n          98.0\n        ],\n        \"semantic_type\": \"\",\n        \"description\": \"\"\n      }\n    },\n    {\n      \"column\": \"HeartRate\",\n      \"properties\": {\n        \"dtype\": \"number\",\n        \"std\": 8,\n        \"min\": 7,\n        \"max\": 90,\n        \"num_unique_values\": 16,\n        \"samples\": [\n          86,\n          70,\n          77\n        ],\n        \"semantic_type\": \"\",\n        \"description\": \"\"\n      }\n    },\n    {\n      \"column\": \"RiskLevel\",\n      \"properties\": {\n        \"dtype\": \"category\",\n        \"num_unique_values\": 3,\n        \"samples\": [\n          \"high risk\",\n          \"low risk\",\n          \"mid risk\"\n        ],\n        \"semantic_type\": \"\",\n        \"description\": \"\"\n      }\n    }\n  ]\n}"
            }
          },
          "metadata": {},
          "execution_count": 3
        }
      ]
    },
    {
      "cell_type": "code",
      "source": [
        "x = data.drop(['RiskLevel'],axis=1)\n",
        "y = data['RiskLevel']"
      ],
      "metadata": {
        "id": "qJUQqav1nsR5"
      },
      "execution_count": null,
      "outputs": []
    },
    {
      "cell_type": "code",
      "source": [
        "x_train,x_test,y_train,y_test = train_test_split(x,y,test_size=0.2)"
      ],
      "metadata": {
        "id": "83Y2Zi1sn3O9"
      },
      "execution_count": null,
      "outputs": []
    },
    {
      "cell_type": "code",
      "source": [
        "dec = DecisionTreeClassifier(random_state=0)\n"
      ],
      "metadata": {
        "id": "CyCggcGOtU4-"
      },
      "execution_count": null,
      "outputs": []
    },
    {
      "cell_type": "code",
      "source": [
        "gre = GradientBoostingClassifier( n_estimators=5000,learning_rate=0.05,max_depth=3,subsample=0.5,n_iter_no_change=20,max_features='log2',verbose=1)"
      ],
      "metadata": {
        "id": "6osGLWofoWbI"
      },
      "execution_count": null,
      "outputs": []
    },
    {
      "cell_type": "code",
      "source": [
        "model = gre.fit(x_train,y_train)"
      ],
      "metadata": {
        "colab": {
          "base_uri": "https://localhost:8080/"
        },
        "id": "8txbSMuVoZ9P",
        "outputId": "b115555f-20b0-4761-acba-795f8d4839d3"
      },
      "execution_count": null,
      "outputs": [
        {
          "output_type": "stream",
          "name": "stdout",
          "text": [
            "      Iter       Train Loss      OOB Improve   Remaining Time \n",
            "         1           1.0537           0.0315           30.17s\n",
            "         2           1.0148           0.0233           27.70s\n",
            "         3           1.0028           0.0337           25.77s\n",
            "         4           0.9625           0.0187           24.65s\n",
            "         5           0.9414           0.0234           23.97s\n",
            "         6           0.9258           0.0201           23.80s\n",
            "         7           0.9176           0.0283           23.69s\n",
            "         8           0.8821           0.0072           23.60s\n",
            "         9           0.8620           0.0137           23.59s\n",
            "        10           0.8534           0.0318           23.49s\n",
            "        20           0.7200           0.0191           20.84s\n",
            "        30           0.6535           0.0184           20.36s\n",
            "        40           0.6177          -0.0090           19.86s\n",
            "        50           0.5693           0.0150           19.41s\n",
            "        60           0.5537           0.0100           19.33s\n",
            "        70           0.4998          -0.0165           19.19s\n",
            "        80           0.4551          -0.0488           18.99s\n",
            "        90           0.4906           0.0237           18.90s\n",
            "       100           0.4591          -0.0074           18.88s\n"
          ]
        }
      ]
    },
    {
      "cell_type": "code",
      "source": [
        "c = model.predict(x_test)"
      ],
      "metadata": {
        "id": "xvb7a0fHquoj"
      },
      "execution_count": null,
      "outputs": []
    },
    {
      "cell_type": "code",
      "source": [
        "model.predict_proba(x_test)"
      ],
      "metadata": {
        "colab": {
          "base_uri": "https://localhost:8080/"
        },
        "collapsed": true,
        "id": "PKR453TMq9km",
        "outputId": "1a5d78e1-5031-4be6-8c8a-4b251593cda5"
      },
      "execution_count": null,
      "outputs": [
        {
          "output_type": "execute_result",
          "data": {
            "text/plain": [
              "array([[0.01323885, 0.43792217, 0.54883898],\n",
              "       [0.08508088, 0.35330581, 0.56161331],\n",
              "       [0.7844585 , 0.03688775, 0.17865375],\n",
              "       [0.07422305, 0.15184163, 0.77393533],\n",
              "       [0.95572362, 0.00924602, 0.03503036],\n",
              "       [0.01190321, 0.28543304, 0.70266374],\n",
              "       [0.95408643, 0.0166202 , 0.02929336],\n",
              "       [0.07422305, 0.15184163, 0.77393533],\n",
              "       [0.66909539, 0.07990951, 0.2509951 ],\n",
              "       [0.73726658, 0.15166993, 0.11106349],\n",
              "       [0.02686091, 0.79172755, 0.18141154],\n",
              "       [0.15893986, 0.3479936 , 0.49306654],\n",
              "       [0.02087058, 0.81049534, 0.16863408],\n",
              "       [0.01680006, 0.8459723 , 0.13722764],\n",
              "       [0.02543758, 0.90638699, 0.06817542],\n",
              "       [0.06287522, 0.07078354, 0.86634124],\n",
              "       [0.01646012, 0.46290378, 0.5206361 ],\n",
              "       [0.03119167, 0.39159513, 0.5772132 ],\n",
              "       [0.01594966, 0.82928237, 0.15476798],\n",
              "       [0.01893188, 0.04179533, 0.93927279],\n",
              "       [0.97604369, 0.01174085, 0.01221546],\n",
              "       [0.13653019, 0.22546108, 0.63800873],\n",
              "       [0.01370451, 0.91275497, 0.07354051],\n",
              "       [0.97795963, 0.00249238, 0.01954799],\n",
              "       [0.02945487, 0.62168011, 0.34886502],\n",
              "       [0.12576335, 0.35589319, 0.51834346],\n",
              "       [0.09037226, 0.13479034, 0.7748374 ],\n",
              "       [0.03531077, 0.73756807, 0.22712116],\n",
              "       [0.0481214 , 0.53283588, 0.41904273],\n",
              "       [0.02453934, 0.69971303, 0.27574762],\n",
              "       [0.01406125, 0.80276653, 0.18317222],\n",
              "       [0.01667325, 0.313487  , 0.66983974],\n",
              "       [0.01831653, 0.71248312, 0.26920035],\n",
              "       [0.06135392, 0.44501582, 0.49363026],\n",
              "       [0.0054879 , 0.97019678, 0.02431532],\n",
              "       [0.02281638, 0.52638091, 0.45080271],\n",
              "       [0.13264331, 0.65867164, 0.20868505],\n",
              "       [0.96097933, 0.01386033, 0.02516034],\n",
              "       [0.01955563, 0.61227032, 0.36817405],\n",
              "       [0.01200834, 0.63736752, 0.35062414],\n",
              "       [0.02207757, 0.59834918, 0.37957325],\n",
              "       [0.01295644, 0.89390421, 0.09313935],\n",
              "       [0.02858853, 0.80725502, 0.16415646],\n",
              "       [0.15893986, 0.3479936 , 0.49306654],\n",
              "       [0.0294933 , 0.58059753, 0.38990917],\n",
              "       [0.09612156, 0.75407399, 0.14980445],\n",
              "       [0.01406125, 0.80276653, 0.18317222],\n",
              "       [0.73726658, 0.15166993, 0.11106349],\n",
              "       [0.0166348 , 0.49313743, 0.49022777],\n",
              "       [0.01824853, 0.460763  , 0.52098847],\n",
              "       [0.02215977, 0.09273301, 0.88510722],\n",
              "       [0.86739544, 0.04960399, 0.08300057],\n",
              "       [0.07357289, 0.7907602 , 0.13566691],\n",
              "       [0.44664757, 0.03472131, 0.51863112],\n",
              "       [0.0222208 , 0.76450484, 0.21327436],\n",
              "       [0.14241503, 0.34401152, 0.51357345],\n",
              "       [0.61615747, 0.08643808, 0.29740445],\n",
              "       [0.90456178, 0.02487966, 0.07055856],\n",
              "       [0.02618721, 0.61583752, 0.35797528],\n",
              "       [0.03051423, 0.80413875, 0.16534701],\n",
              "       [0.02474863, 0.28241758, 0.69283379],\n",
              "       [0.06135392, 0.44501582, 0.49363026],\n",
              "       [0.05403135, 0.56345279, 0.38251586],\n",
              "       [0.01221882, 0.95024119, 0.03753999],\n",
              "       [0.02207757, 0.59834918, 0.37957325],\n",
              "       [0.53452156, 0.2413511 , 0.22412734],\n",
              "       [0.03573087, 0.0899477 , 0.87432143],\n",
              "       [0.2263292 , 0.52803562, 0.24563517],\n",
              "       [0.60349894, 0.05138698, 0.34511408],\n",
              "       [0.05515511, 0.50339787, 0.44144702],\n",
              "       [0.03503105, 0.09516429, 0.86980466],\n",
              "       [0.0130322 , 0.17322527, 0.81374253],\n",
              "       [0.56237818, 0.03505109, 0.40257073],\n",
              "       [0.99321137, 0.00175065, 0.00503798],\n",
              "       [0.01058226, 0.88010496, 0.10931278],\n",
              "       [0.99123932, 0.0014992 , 0.00726148],\n",
              "       [0.01399413, 0.58998938, 0.3960165 ],\n",
              "       [0.02733866, 0.73370125, 0.23896009],\n",
              "       [0.02651083, 0.62262547, 0.35086369],\n",
              "       [0.08706038, 0.27131255, 0.64162707],\n",
              "       [0.01431868, 0.38341317, 0.60226815],\n",
              "       [0.61615747, 0.08643808, 0.29740445],\n",
              "       [0.01277532, 0.90324886, 0.08397582],\n",
              "       [0.01824853, 0.460763  , 0.52098847],\n",
              "       [0.01447287, 0.73397764, 0.25154949],\n",
              "       [0.20941896, 0.49780167, 0.29277937],\n",
              "       [0.96657741, 0.0186131 , 0.01480949],\n",
              "       [0.12447139, 0.15681633, 0.71871228],\n",
              "       [0.22220544, 0.48231751, 0.29547705],\n",
              "       [0.10615717, 0.66573092, 0.22811191],\n",
              "       [0.72932629, 0.13374203, 0.13693168],\n",
              "       [0.03669224, 0.40318438, 0.56012338],\n",
              "       [0.25891252, 0.2112977 , 0.52978978],\n",
              "       [0.0126636 , 0.21035314, 0.77698327],\n",
              "       [0.02601394, 0.71291538, 0.26107068],\n",
              "       [0.99100595, 0.00173229, 0.00726176],\n",
              "       [0.00665593, 0.96837026, 0.02497381],\n",
              "       [0.99139312, 0.00152409, 0.00708279],\n",
              "       [0.44664757, 0.03472131, 0.51863112],\n",
              "       [0.73726658, 0.15166993, 0.11106349],\n",
              "       [0.05382394, 0.78762137, 0.15855468],\n",
              "       [0.01428783, 0.42878778, 0.55692439],\n",
              "       [0.73726658, 0.15166993, 0.11106349],\n",
              "       [0.25891252, 0.2112977 , 0.52978978],\n",
              "       [0.35649134, 0.30297002, 0.34053864],\n",
              "       [0.98666965, 0.00380638, 0.00952397],\n",
              "       [0.02836235, 0.61407501, 0.35756264],\n",
              "       [0.01992615, 0.7062955 , 0.27377835],\n",
              "       [0.03368669, 0.70233032, 0.26398299],\n",
              "       [0.01455011, 0.9027071 , 0.08274279],\n",
              "       [0.05656145, 0.62346866, 0.31996989],\n",
              "       [0.01824853, 0.460763  , 0.52098847],\n",
              "       [0.07422305, 0.15184163, 0.77393533],\n",
              "       [0.08251119, 0.43136487, 0.48612394],\n",
              "       [0.02110326, 0.7063149 , 0.27258184],\n",
              "       [0.01422509, 0.80344855, 0.18232636],\n",
              "       [0.03910441, 0.05602742, 0.90486817],\n",
              "       [0.22074635, 0.25117402, 0.52807962],\n",
              "       [0.04840612, 0.7014374 , 0.25015648],\n",
              "       [0.01347792, 0.52070246, 0.46581962],\n",
              "       [0.61615747, 0.08643808, 0.29740445],\n",
              "       [0.98050678, 0.00228645, 0.01720677],\n",
              "       [0.20941896, 0.49780167, 0.29277937],\n",
              "       [0.81753477, 0.05400985, 0.12845538],\n",
              "       [0.8248854 , 0.06914613, 0.10596847],\n",
              "       [0.10302818, 0.33238786, 0.56458396],\n",
              "       [0.73726658, 0.15166993, 0.11106349],\n",
              "       [0.01824853, 0.460763  , 0.52098847],\n",
              "       [0.01431868, 0.38341317, 0.60226815],\n",
              "       [0.13653019, 0.22546108, 0.63800873],\n",
              "       [0.34838751, 0.18913252, 0.46247997],\n",
              "       [0.7505025 , 0.05354908, 0.19594843],\n",
              "       [0.78719648, 0.06830676, 0.14449676],\n",
              "       [0.12423953, 0.43564238, 0.44011809],\n",
              "       [0.96767367, 0.00328501, 0.02904133],\n",
              "       [0.97527747, 0.00839454, 0.01632799],\n",
              "       [0.11851814, 0.24740198, 0.63407988],\n",
              "       [0.01824853, 0.460763  , 0.52098847],\n",
              "       [0.10801314, 0.24016905, 0.65181781],\n",
              "       [0.03722277, 0.61181333, 0.3509639 ],\n",
              "       [0.01399413, 0.58998938, 0.3960165 ],\n",
              "       [0.01176477, 0.84391021, 0.14432502],\n",
              "       [0.88967725, 0.03464107, 0.07568169],\n",
              "       [0.84158893, 0.03440612, 0.12400495],\n",
              "       [0.02528749, 0.71861725, 0.25609526],\n",
              "       [0.96731633, 0.01280796, 0.01987572],\n",
              "       [0.019029  , 0.43879184, 0.54217915],\n",
              "       [0.9699621 , 0.01324686, 0.01679104],\n",
              "       [0.01937049, 0.622488  , 0.35814151],\n",
              "       [0.01917671, 0.51033128, 0.47049201],\n",
              "       [0.98050678, 0.00228645, 0.01720677],\n",
              "       [0.99144566, 0.00227663, 0.00627771],\n",
              "       [0.00473747, 0.97963655, 0.01562598],\n",
              "       [0.03573087, 0.0899477 , 0.87432143],\n",
              "       [0.9858907 , 0.0026034 , 0.0115059 ],\n",
              "       [0.95315867, 0.01081143, 0.0360299 ],\n",
              "       [0.98481392, 0.00339251, 0.01179358],\n",
              "       [0.08706038, 0.27131255, 0.64162707],\n",
              "       [0.02075077, 0.87189271, 0.10735652],\n",
              "       [0.56189384, 0.02937754, 0.40872862],\n",
              "       [0.02503402, 0.06183868, 0.9131273 ],\n",
              "       [0.86739544, 0.04960399, 0.08300057],\n",
              "       [0.11851814, 0.24740198, 0.63407988],\n",
              "       [0.44664757, 0.03472131, 0.51863112],\n",
              "       [0.03019089, 0.38926535, 0.58054376],\n",
              "       [0.01431868, 0.38341317, 0.60226815],\n",
              "       [0.41277472, 0.07586937, 0.5113559 ],\n",
              "       [0.7985669 , 0.04718076, 0.15425234],\n",
              "       [0.01668965, 0.4811581 , 0.50215225],\n",
              "       [0.05656145, 0.62346866, 0.31996989],\n",
              "       [0.66909539, 0.07990951, 0.2509951 ],\n",
              "       [0.97289415, 0.01003402, 0.01707182],\n",
              "       [0.03011178, 0.75154308, 0.21834514],\n",
              "       [0.01668965, 0.4811581 , 0.50215225],\n",
              "       [0.53081793, 0.07590159, 0.39328048],\n",
              "       [0.17254014, 0.43413465, 0.3933252 ],\n",
              "       [0.20941896, 0.49780167, 0.29277937],\n",
              "       [0.02087058, 0.81049534, 0.16863408],\n",
              "       [0.00562075, 0.96895616, 0.02542309],\n",
              "       [0.01348602, 0.70999327, 0.27652072],\n",
              "       [0.57411449, 0.06434139, 0.36154412],\n",
              "       [0.27972236, 0.20925828, 0.51101936],\n",
              "       [0.01874615, 0.48227104, 0.49898282],\n",
              "       [0.63374116, 0.01900763, 0.3472512 ],\n",
              "       [0.61615747, 0.08643808, 0.29740445],\n",
              "       [0.97796648, 0.00256965, 0.01946387],\n",
              "       [0.73726658, 0.15166993, 0.11106349],\n",
              "       [0.95572362, 0.00924602, 0.03503036],\n",
              "       [0.98623644, 0.00320443, 0.01055913],\n",
              "       [0.99139312, 0.00152409, 0.00708279],\n",
              "       [0.44664757, 0.03472131, 0.51863112],\n",
              "       [0.03368669, 0.70233032, 0.26398299],\n",
              "       [0.95408643, 0.0166202 , 0.02929336],\n",
              "       [0.84158893, 0.03440612, 0.12400495],\n",
              "       [0.62972785, 0.05554751, 0.31472464],\n",
              "       [0.01348602, 0.70999327, 0.27652072],\n",
              "       [0.02215977, 0.09273301, 0.88510722],\n",
              "       [0.13653019, 0.22546108, 0.63800873],\n",
              "       [0.05864926, 0.57980605, 0.36154468],\n",
              "       [0.19507165, 0.35297754, 0.45195081],\n",
              "       [0.09069817, 0.81300093, 0.09630089],\n",
              "       [0.73726658, 0.15166993, 0.11106349],\n",
              "       [0.0433294 , 0.65563498, 0.30103561]])"
            ]
          },
          "metadata": {},
          "execution_count": 62
        }
      ]
    },
    {
      "cell_type": "code",
      "source": [
        "predict = accuracy_score(y_test,c)"
      ],
      "metadata": {
        "id": "ftofGcgMrNse"
      },
      "execution_count": null,
      "outputs": []
    },
    {
      "cell_type": "code",
      "source": [
        "predict"
      ],
      "metadata": {
        "colab": {
          "base_uri": "https://localhost:8080/"
        },
        "id": "Fp6Qqsjcr3HQ",
        "outputId": "b2f3ca55-9939-4480-ba61-8fc1c6518e24"
      },
      "execution_count": null,
      "outputs": [
        {
          "output_type": "execute_result",
          "data": {
            "text/plain": [
              "0.7733990147783252"
            ]
          },
          "metadata": {},
          "execution_count": 64
        }
      ]
    },
    {
      "cell_type": "code",
      "source": [],
      "metadata": {
        "id": "QjQkL2Wwsb8Q"
      },
      "execution_count": null,
      "outputs": []
    }
  ]
}